111111111111111111111111111111111111111111
100000010010000000000000000010010000000001
100000000000000000000000000000000000000007
100000000000000000000000000000000000000001
100000010010000000000000000010010000000001
111111110011100000000001111110011111111111
100000010010000000000000000000010000000001
100000000000000000000000000000000000000001
100000000000000000000000000000000000000001
100000010010000000000000000010010000000001
111111110011111111111111111110011111111111
100000010010000000000000000010010000000001
100000010000000000000000000000000000000001
100005000000000000000000600000000000000001
100000010010000000000000000010010000000001
111111111111111111111111111111111111111111